  0,      -10,      -20,      -30,      -40,      -50,      -60,      -70,      -80,      -90,     -100,     -110,     -120,     -130,     -140,     -150,     -160
-10,  -3 (-3), -12 (-2), -20 ( 0), -30 (-2), -40 ( 0), -50 (-3), -60 (-3), -70 ( 0), -80 (-3), -90 ( 0), -99 ( 1), -109 (-1), -112 ( 8), -122 ( 0), -132 (-3), -142 ( 0)
-20,  -8 ( 2),  -7 (-4), -14 (-2), -24 (-4), -32 (-2), -41 (-1), -48 ( 2), -58 (-2), -66 ( 4), -76 (-2), -86 (-3), -96 (-4), -106 (-3), -114 (-2), -123 (-1), -133 (-2)
-30, -18 ( 2), -12 (-4),  -9 (-2), -18 (-4), -26 (-2), -33 (-1), -39 ( 2), -49 (-2), -54 ( 4), -64 (-2), -74 (-3), -84 (-4), -94 (-3), -104 (-2), -114 (-1), -124 (-2)
-40, -28 (-3), -18 ( 0), -12 ( 0),  -9 ( 0), -18 ( 0), -28 (-3), -36 (-3), -39 ( 0), -49 (-3), -54 ( 0), -58 ( 6), -68 ( 1), -78 ( 1), -88 ( 0), -98 (-3), -108 ( 0)
-50, -38 (-3), -28 (-2), -18 ( 0), -14 (-2),  -7 ( 2), -17 (-4), -27 (-3), -34 ( 2), -42 (-3), -47 ( 2), -54 ( 0), -56 ( 2), -66 ( 0), -76 ( 0), -86 (-4), -96 ( 2)
-60, -48 (-1), -38 (-3), -28 (-3), -21 (-3), -17 (-3),   2 ( 9),  -8 (-1), -18 (-3), -28 (-1), -38 (-3), -48 (-3), -57 (-3), -59 (-3), -69 (-3), -67 ( 9), -77 (-3)
-70, -58 (-4), -42 ( 6), -38 (-2), -22 ( 6), -23 (-2),  -8 (-3),  -2 (-4), -10 (-2), -20 (-4), -30 (-2), -38 ( 0), -48 (-1), -58 (-2), -61 (-2), -71 (-3), -69 (-2)
-80, -68 (-3), -52 (-2), -42 ( 0), -32 (-2), -22 ( 0), -18 (-3), -11 (-3),  -2 ( 0), -12 (-3), -20 ( 0), -29 ( 1), -39 (-1), -40 ( 8), -50 ( 0), -60 (-3), -70 ( 0)
-90, -78 (-3), -62 (-2), -47 ( 5), -42 (-2), -31 ( 1), -25 (-3), -21 (-3), -10 ( 1),  -4 (-2), -11 ( 1), -20 ( 0), -30 (-2), -39 ( 0), -35 ( 5), -45 (-3), -55 ( 1)
-100, -88 (-1), -72 (-3), -57 (-3), -50 (-3), -41 (-3), -22 ( 9), -26 (-1), -20 (-3), -11 (-1),  -7 (-3), -14 (-3), -23 (-3), -33 (-3), -42 (-3), -26 ( 9), -36 (-3)
-110, -98 (-3), -82 (-2), -67 ( 0), -59 (-2), -48 ( 2), -32 (-4), -25 (-3), -24 ( 2), -21 (-3),  -9 ( 2),  -7 ( 0), -12 ( 2), -22 ( 0), -32 ( 0), -36 (-4), -24 ( 2)
-120, -108 (-3), -92 ( 0), -77 ( 0), -67 ( 0), -58 ( 0), -42 (-3), -35 (-3), -25 ( 0), -27 (-3), -19 ( 0),  -3 ( 6),  -6 ( 1), -11 ( 1), -21 ( 0), -31 (-3), -34 ( 0)
-130, -118 (-3), -102 ( 0), -87 ( 0), -77 ( 0), -67 ( 0), -52 (-3), -45 (-3), -35 ( 0), -28 (-3), -27 ( 0), -13 ( 6),  -2 ( 1),  -5 ( 1), -11 ( 0), -21 (-3), -31 ( 0)
-140, -128 (-4), -112 ( 6), -97 (-2), -81 ( 6), -77 (-2), -62 (-3), -55 (-4), -45 (-2), -38 (-4), -30 (-2), -23 ( 0), -12 (-1),  -4 (-2),  -7 (-2), -14 (-3), -23 (-2)
-150, -138 (-3), -122 (-2), -107 ( 0), -91 (-2), -79 ( 2), -72 (-4), -65 (-3), -53 ( 2), -48 (-3), -36 ( 2), -30 ( 0), -21 ( 2), -12 ( 0),  -4 ( 0), -11 (-4), -12 ( 2)
-160, -148 (-3), -132 (-2), -117 ( 5), -101 (-2), -89 ( 1), -82 (-3), -75 (-3), -63 ( 1), -55 (-2), -46 ( 1), -36 ( 0), -31 (-2), -21 ( 0),  -7 ( 5),  -7 (-3), -10 ( 1)
